[loci]=200

[populations]=4

[pop]=1
1 30 2 28 32
2 30 2 38 22
3 30 2 46 14
4 30 2 22 38
5 30 2 14 46
6 30 2 54 6
7 30 2 36 24
8 30 2 46 14
9 30 2 8 52
10 30 2 42 18
11 30 2 18 42
12 30 2 52 8
13 30 2 16 44
14 30 2 56 4
15 30 2 12 48
16 30 2 36 24
17 30 2 36 24
18 30 2 40 20
19 30 2 8 52
20 30 2 54 6
21 30 2 6 54
22 30 2 6 54
23 30 2 12 48
24 30 2 42 18
25 30 2 24 36
26 30 2 50 10
27 30 2 16 44
28 30 2 30 30
29 30 2 30 30
30 30 2 44 16
31 30 2 22 38
32 30 2 32 28
33 30 2 20 40
34 30 2 16 44
35 30 2 20 40
36 30 2 10 50
37 30 2 60 0
38 30 2 40 20
39 30 2 40 20
40 30 2 12 48
41 30 2 16 44
42 30 2 24 36
43 30 2 18 42
44 30 2 44 16
45 30 2 56 4
46 30 2 34 26
47 30 2 12 48
48 30 2 30 30
49 30 2 16 44
50 30 2 36 24
51 30 2 28 32
52 30 2 50 10
53 30 2 52 8
54 30 2 22 38
55 30 2 28 32
56 30 2 10 50
57 30 2 8 52
58 30 2 36 24
59 30 2 40 20
60 30 2 34 26
61 30 2 42 18
62 30 2 16 44
63 30 2 48 12
64 30 2 16 44
65 30 2 42 18
66 30 2 30 30
67 30 2 50 10
68 30 2 30 30
69 30 2 54 6
70 30 2 56 4
71 30 2 56 4
72 30 2 44 16
73 30 2 22 38
74 30 2 58 2
75 30 2 34 26
76 30 2 32 28
77 30 2 34 26
78 30 2 20 40
79 30 2 34 26
80 30 2 28 32
81 30 2 28 32
82 30 2 36 24
83 30 2 54 6
84 30 2 32 28
85 30 2 22 38
86 30 2 46 14
87 30 2 12 48
88 30 2 54 6
89 30 2 6 54
90 30 2 18 42
91 30 2 44 16
92 30 2 22 38
93 30 2 12 48
94 30 2 44 16
95 30 2 12 48
96 30 2 54 6
97 30 2 12 48
98 30 2 18 42
99 30 2 22 38
100 30 2 22 38
101 30 2 40 20
102 30 2 38 22
103 30 2 52 8
104 30 2 30 30
105 30 2 22 38
106 30 2 24 36
107 30 2 6 54
108 30 2 26 34
109 30 2 60 0
110 30 2 12 48
111 30 2 60 0
112 30 2 24 36
113 30 2 18 42
114 30 2 44 16
115 30 2 14 46
116 30 2 14 46
117 30 2 8 52
118 30 2 24 36
119 30 2 10 50
120 30 2 30 30
121 30 2 18 42
122 30 2 58 2
123 30 2 40 20
124 30 2 20 40
125 30 2 22 38
126 30 2 20 40
127 30 2 20 40
128 30 2 8 52
129 30 2 38 22
130 30 2 56 4
131 30 2 6 54
132 30 2 26 34
133 30 2 38 22
134 30 2 48 12
135 30 2 58 2
136 30 2 54 6
137 30 2 52 8
138 30 2 34 26
139 30 2 60 0
140 30 2 48 12
141 30 2 30 30
142 30 2 12 48
143 30 2 38 22
144 30 2 28 32
145 30 2 6 54
146 30 2 56 4
147 30 2 12 48
148 30 2 20 40
149 30 2 28 32
150 30 2 24 36
151 30 2 8 52
152 30 2 22 38
153 30 2 56 4
154 30 2 14 46
155 30 2 8 52
156 30 2 18 42
157 30 2 34 26
158 30 2 50 10
159 30 2 28 32
160 30 2 56 4
161 30 2 44 16
162 30 2 16 44
163 30 2 18 42
164 30 2 14 46
165 30 2 20 40
166 30 2 14 46
167 30 2 6 54
168 30 2 36 24
169 30 2 56 4
170 30 2 10 50
171 30 2 26 34
172 30 2 26 34
173 30 2 60 0
174 30 2 30 30
175 30 2 12 48
176 30 2 18 42
177 30 2 34 26
178 30 2 54 6
179 30 2 32 28
180 30 2 20 40
181 30 2 8 52
182 30 2 8 52
183 30 2 10 50
184 30 2 28 32
185 30 2 16 44
186 30 2 16 44
187 30 2 40 20
188 30 2 12 48
189 30 2 10 50
190 30 2 10 50
191 30 2 28 32
192 30 2 48 12
193 30 2 8 52
194 30 2 50 10
195 30 2 60 0
196 30 2 54 6
197 30 2 56 4
198 30 2 20 40
199 30 2 24 36
200 30 2 38 22

[pop]=2
1 30 2 18 42
2 30 2 54 6
3 30 2 22 38
4 30 2 34 26
5 30 2 38 22
6 30 2 50 10
7 30 2 34 26
8 30 2 58 2
9 30 2 32 28
10 30 2 10 50
11 30 2 36 24
12 30 2 48 12
13 30 2 12 48
14 30 2 54 6
15 30 2 22 38
16 30 2 36 24
17 30 2 28 32
18 30 2 60 0
19 30 2 22 38
20 30 2 42 18
21 30 2 28 32
22 30 2 6 54
23 30 2 8 52
24 30 2 40 20
25 30 2 22 38
26 30 2 52 8
27 30 2 14 46
28 30 2 44 16
29 30 2 24 36
30 30 2 30 30
31 30 2 22 38
32 30 2 54 6
33 30 2 38 22
34 30 2 20 40
35 30 2 16 44
36 30 2 8 52
37 30 2 28 32
38 30 2 50 10
39 30 2 40 20
40 30 2 26 34
41 30 2 24 36
42 30 2 30 30
43 30 2 8 52
44 30 2 46 14
45 30 2 46 14
46 30 2 18 42
47 30 2 28 32
48 30 2 14 46
49 30 2 12 48
50 30 2 52 8
51 30 2 26 34
52 30 2 32 28
53 30 2 60 0
54 30 2 12 48
55 30 2 28 32
56 30 2 18 42
57 30 2 22 38
58 30 2 32 28
59 30 2 32 28
60 30 2 54 6
61 30 2 60 0
62 30 2 18 42
63 30 2 46 14
64 30 2 6 54
65 30 2 34 26
66 30 2 24 36
67 30 2 40 20
68 30 2 32 28
69 30 2 30 30
70 30 2 28 32
71 30 2 38 22
72 30 2 22 38
73 30 2 18 42
74 30 2 44 16
75 30 2 12 48
76 30 2 16 44
77 30 2 16 44
78 30 2 46 14
79 30 2 26 34
80 30 2 36 24
81 30 2 8 52
82 30 2 24 36
83 30 2 58 2
84 30 2 24 36
85 30 2 28 32
86 30 2 58 2
87 30 2 10 50
88 30 2 54 6
89 30 2 16 44
90 30 2 28 32
91 30 2 40 20
92 30 2 36 24
93 30 2 10 50
94 30 2 46 14
95 30 2 10 50
96 30 2 40 20
97 30 2 32 28
98 30 2 46 14
99 30 2 20 40
100 30 2 24 36
101 30 2 38 22
102 30 2 34 26
103 30 2 50 10
104 30 2 44 16
105 30 2 52 8
106 30 2 12 48
107 30 2 8 52
108 30 2 10 50
109 30 2 54 6
110 30 2 42 18
111 30 2 48 12
112 30 2 22 38
113 30 2 22 38
114 30 2 32 28
115 30 2 34 26
116 30 2 34 26
117 30 2 34 26
118 30 2 10 50
119 30 2 8 52
120 30 2 36 24
121 30 2 14 46
122 30 2 58 2
123 30 2 32 28
124 30 2 8 52
125 30 2 32 28
126 30 2 12 48
127 30 2 14 46
128 30 2 40 20
129 30 2 6 54
130 30 2 50 10
131 30 2 30 30
132 30 2 52 8
133 30 2 54 6
134 30 2 28 32
135 30 2 30 30
136 30 2 60 0
137 30 2 58 2
138 30 2 50 10
139 30 2 58 2
140 30 2 38 22
141 30 2 16 44
142 30 2 26 34
143 30 2 46 14
144 30 2 22 38
145 30 2 12 48
146 30 2 58 2
147 30 2 26 34
148 30 2 24 36
149 30 2 20 40
150 30 2 14 46
151 30 2 10 50
152 30 2 30 30
153 30 2 54 6
154 30 2 30 30
155 30 2 12 48
156 30 2 6 54
157 30 2 40 20
158 30 2 38 22
159 30 2 48 12
160 30 2 58 2
161 30 2 26 34
162 30 2 44 16
163 30 2 28 32
164 30 2 28 32
165 30 2 42 18
166 30 2 36 24
167 30 2 12 48
168 30 2 56 4
169 30 2 54 6
170 30 2 8 52
171 30 2 10 50
172 30 2 36 24
173 30 2 52 8
174 30 2 22 38
175 30 2 8 52
176 30 2 38 22
177 30 2 10 50
178 30 2 48 12
179 30 2 30 30
180 30 2 28 32
181 30 2 24 36
182 30 2 36 24
183 30 2 52 8
184 30 2 22 38
185 30 2 28 32
186 30 2 10 50
187 30 2 26 34
188 30 2 30 30
189 30 2 10 50
190 30 2 6 54
191 30 2 18 42
192 30 2 58 2
193 30 2 6 54
194 30 2 60 0
195 30 2 42 18
196 30 2 28 32
197 30 2 44 16
198 30 2 18 42
199 30 2 20 40
200 30 2 16 44

[pop]=3
1 30 2 14 46
2 30 2 24 36
3 30 2 10 50
4 30 2 48 12
5 30 2 32 28
6 30 2 52 8
7 30 2 22 38
8 30 2 36 24
9 30 2 14 46
10 30 2 48 12
11 30 2 36 24
12 30 2 60 0
13 30 2 20 40
14 30 2 56 4
15 30 2 10 50
16 30 2 34 26
17 30 2 12 48
18 30 2 60 0
19 30 2 38 22
20 30 2 18 42
21 30 2 10 50
22 30 2 6 54
23 30 2 16 44
24 30 2 30 30
25 30 2 30 30
26 30 2 26 34
27 30 2 14 46
28 30 2 60 0
29 30 2 50 10
30 30 2 38 22
31 30 2 38 22
32 30 2 60 0
33 30 2 18 42
34 30 2 6 54
35 30 2 10 50
36 30 2 22 38
37 30 2 58 2
38 30 2 34 26
39 30 2 20 40
40 30 2 22 38
41 30 2 16 44
42 30 2 38 22
43 30 2 6 54
44 30 2 44 16
45 30 2 42 18
46 30 2 58 2
47 30 2 10 50
48 30 2 14 46
49 30 2 28 32
50 30 2 44 16
51 30 2 12 48
52 30 2 36 24
53 30 2 60 0
54 30 2 36 24
55 30 2 20 40
56 30 2 16 44
57 30 2 42 18
58 30 2 46 14
59 30 2 36 24
60 30 2 26 34
61 30 2 54 6
62 30 2 8 52
63 30 2 50 10
64 30 2 12 48
65 30 2 46 14
66 30 2 16 44
67 30 2 48 12
68 30 2 12 48
69 30 2 46 14
70 30 2 48 12
71 30 2 34 26
72 30 2 38 22
73 30 2 10 50
74 30 2 36 24
75 30 2 32 28
76 30 2 38 22
77 30 2 44 16
78 30 2 48 12
79 30 2 32 28
80 30 2 54 6
81 30 2 6 54
82 30 2 16 44
83 30 2 42 18
84 30 2 28 32
85 30 2 42 18
86 30 2 60 0
87 30 2 14 46
88 30 2 48 12
89 30 2 24 36
90 30 2 28 32
91 30 2 50 10
92 30 2 12 48
93 30 2 12 48
94 30 2 58 2
95 30 2 16 44
96 30 2 32 28
97 30 2 10 50
98 30 2 18 42
99 30 2 30 30
100 30 2 36 24
101 30 2 48 12
102 30 2 12 48
103 30 2 50 10
104 30 2 48 12
105 30 2 54 6
106 30 2 20 40
107 30 2 6 54
108 30 2 8 52
109 30 2 60 0
110 30 2 44 16
111 30 2 46 14
112 30 2 8 52
113 30 2 44 16
114 30 2 36 24
115 30 2 28 32
116 30 2 28 32
117 30 2 18 42
118 30 2 38 22
119 30 2 48 12
120 30 2 34 26
121 30 2 22 38
122 30 2 60 0
123 30 2 38 22
124 30 2 12 48
125 30 2 20 40
126 30 2 18 42
127 30 2 38 22
128 30 2 38 22
129 30 2 20 40
130 30 2 48 12
131 30 2 20 40
132 30 2 44 16
133 30 2 26 34
134 30 2 32 28
135 30 2 46 14
136 30 2 54 6
137 30 2 58 2
138 30 2 36 24
139 30 2 60 0
140 30 2 40 20
141 30 2 40 20
142 30 2 12 48
143 30 2 36 24
144 30 2 22 38
145 30 2 14 46
146 30 2 60 0
147 30 2 30 30
148 30 2 16 44
149 30 2 14 46
150 30 2 14 46
151 30 2 22 38
152 30 2 20 40
153 30 2 52 8
154 30 2 22 38
155 30 2 14 46
156 30 2 22 38
157 30 2 42 18
158 30 2 24 36
159 30 2 20 40
160 30 2 58 2
161 30 2 48 12
162 30 2 40 20
163 30 2 6 54
164 30 2 26 34
165 30 2 24 36
166 30 2 10 50
167 30 2 10 50
168 30 2 52 8
169 30 2 60 0
170 30 2 6 54
171 30 2 6 54
172 30 2 34 26
173 30 2 54 6
174 30 2 14 46
175 30 2 8 52
176 30 2 34 26
177 30 2 18 42
178 30 2 40 20
179 30 2 26 34
180 30 2 18 42
181 30 2 16 44
182 30 2 26 34
183 30 2 30 30
184 30 2 56 4
185 30 2 40 20
186 30 2 20 40
187 30 2 12 48
188 30 2 8 52
189 30 2 14 46
190 30 2 16 44
191 30 2 14 46
192 30 2 56 4
193 30 2 32 28
194 30 2 56 4
195 30 2 38 22
196 30 2 44 16
197 30 2 52 8
198 30 2 16 44
199 30 2 10 50
200 30 2 12 48

[pop]=4
1 30 2 26 34
2 30 2 34 26
3 30 2 30 30
4 30 2 8 52
5 30 2 30 30
6 30 2 54 6
7 30 2 22 38
8 30 2 38 22
9 30 2 12 48
10 30 2 8 52
11 30 2 30 30
12 30 2 56 4
13 30 2 24 36
14 30 2 58 2
15 30 2 10 50
16 30 2 30 30
17 30 2 26 34
18 30 2 40 20
19 30 2 28 32
20 30 2 48 12
21 30 2 24 36
22 30 2 10 50
23 30 2 18 42
24 30 2 46 14
25 30 2 28 32
26 30 2 50 10
27 30 2 6 54
28 30 2 44 16
29 30 2 18 42
30 30 2 52 8
31 30 2 12 48
32 30 2 52 8
33 30 2 22 38
34 30 2 16 44
35 30 2 20 40
36 30 2 32 28
37 30 2 52 8
38 30 2 24 36
39 30 2 22 38
40 30 2 20 40
41 30 2 10 50
42 30 2 46 14
43 30 2 12 48
44 30 2 36 24
45 30 2 44 16
46 30 2 24 36
47 30 2 6 54
48 30 2 22 38
49 30 2 14 46
50 30 2 50 10
51 30 2 8 52
52 30 2 54 6
53 30 2 60 0
54 30 2 24 36
55 30 2 44 16
56 30 2 36 24
57 30 2 20 40
58 30 2 34 26
59 30 2 32 28
60 30 2 18 42
61 30 2 52 8
62 30 2 26 34
63 30 2 48 12
64 30 2 6 54
65 30 2 36 24
66 30 2 6 54
67 30 2 46 14
68 30 2 14 46
69 30 2 32 28
70 30 2 60 0
71 30 2 36 24
72 30 2 20 40
73 30 2 26 34
74 30 2 44 16
75 30 2 10 50
76 30 2 12 48
77 30 2 18 42
78 30 2 38 22
79 30 2 34 26
80 30 2 10 50
81 30 2 12 48
82 30 2 8 52
83 30 2 60 0
84 30 2 22 38
85 30 2 8 52
86 30 2 60 0
87 30 2 30 30
88 30 2 36 24
89 30 2 12 48
90 30 2 16 44
91 30 2 54 6
92 30 2 6 54
93 30 2 14 46
94 30 2 44 16
95 30 2 12 48
96 30 2 34 26
97 30 2 12 48
98 30 2 20 40
99 30 2 28 32
100 30 2 38 22
101 30 2 28 32
102 30 2 36 24
103 30 2 58 2
104 30 2 34 26
105 30 2 52 8
106 30 2 10 50
107 30 2 28 32
108 30 2 12 48
109 30 2 56 4
110 30 2 46 14
111 30 2 46 14
112 30 2 20 40
113 30 2 28 32
114 30 2 44 16
115 30 2 32 28
116 30 2 32 28
117 30 2 16 44
118 30 2 26 34
119 30 2 22 38
120 30 2 24 36
121 30 2 8 52
122 30 2 50 10
123 30 2 34 26
124 30 2 24 36
125 30 2 24 36
126 30 2 20 40
127 30 2 6 54
128 30 2 24 36
129 30 2 14 46
130 30 2 36 24
131 30 2 14 46
132 30 2 40 20
133 30 2 16 44
134 30 2 28 32
135 30 2 54 6
136 30 2 58 2
137 30 2 56 4
138 30 2 42 18
139 30 2 56 4
140 30 2 52 8
141 30 2 28 32
142 30 2 18 42
143 30 2 46 14
144 30 2 8 52
145 30 2 6 54
146 30 2 60 0
147 30 2 6 54
148 30 2 14 46
149 30 2 22 38
150 30 2 6 54
151 30 2 6 54
152 30 2 18 42
153 30 2 60 0
154 30 2 38 22
155 30 2 22 38
156 30 2 14 46
157 30 2 42 18
158 30 2 46 14
159 30 2 38 22
160 30 2 60 0
161 30 2 54 6
162 30 2 50 10
163 30 2 38 22
164 30 2 26 34
165 30 2 26 34
166 30 2 8 52
167 30 2 12 48
168 30 2 56 4
169 30 2 34 26
170 30 2 30 30
171 30 2 38 22
172 30 2 12 48
173 30 2 54 6
174 30 2 22 38
175 30 2 22 38
176 30 2 32 28
177 30 2 10 50
178 30 2 58 2
179 30 2 52 8
180 30 2 16 44
181 30 2 6 54
182 30 2 16 44
183 30 2 40 20
184 30 2 22 38
185 30 2 20 40
186 30 2 12 48
187 30 2 24 36
188 30 2 26 34
189 30 2 16 44
190 30 2 12 48
191 30 2 12 48
192 30 2 58 2
193 30 2 14 46
194 30 2 48 12
195 30 2 54 6
196 30 2 60 0
197 30 2 40 20
198 30 2 20 40
199 30 2 20 40
200 30 2 38 22

